NAME : b52
TYPE : TOUR
DIMENSION : 52
SOLUCION  : 152
TOUR_SECTION
1 1,0
2 2,24,0
2 3,17,0
4 4,8,23,24,0
3 5,11,1,0
3 6,24,0
3 7,42,17,0
3 8,23,24,0
4 9,27,24,0
3 10,3,17,0
2 11,1,0
3 12,32,24,0
4 13,26,25,17,0
3 14,11,1,0
4 15,8,23,24,0
2 16,24,0
1 17,0
3 18,29,24,0
3 19,25,17,0
2 20,0
2 21,17,0
2 22,0
2 23,24,0
1 24,0
2 25,17,0
3 26,25,17,0
3 27,24,0
4 28,0
2 29,24,0
2 30,24,0
4 31,30,24,0
2 32,24,0
3 33,20,0
3 34,20,0
5 35,36,8,23,24,0
4 36,8,23,24,0
3 37,25,17,0
4 38,3,17,0
3 39,25,17,0
4 40,26,25,17,0
4 41,37,25,17,0
2 42,17,0
4 43,7,42,17,0
4 44,16,24,0
3 45,16,24,0
4 46,3,17,0
3 47,24,0
3 48,16,24,0
4 49,39,25,17,0
4 50,20,0
4 51,6,24,0
-1
EOF
