NAME : ch150
TYPE : TOUR
DIMENSION : 150
SOLUCION  : 824
TOUR_SECTION
4 1,16,0
7 2,33,10,64,127,0
7 3,5,0
6 4,92,127,0
3 5,0
6 6,39,36,127,0
7 7,130,0
6 8,70,127,0
6 9,13,42,36,127,0
5 10,64,127,0
7 11,5,0
7 12,39,36,127,0
5 13,42,36,127,0
6 14,0
5 15,1,16,0
3 16,0
6 17,63,113,127,0
6 18,93,64,127,0
5 19,1,16,0
5 20,81,127,0
5 21,5,0
6 22,16,0
7 23,106,123,74,81,127,0
5 24,107,127,0
4 25,16,0
6 26,128,138,113,127,0
7 27,81,127,0
6 28,130,0
5 29,99,107,127,0
4 30,36,127,0
5 31,125,70,127,0
7 32,103,5,0
6 33,10,64,127,0
6 34,99,107,127,0
5 35,39,36,127,0
2 36,127,0
9 37,75,148,92,127,0
7 38,122,108,74,81,127,0
3 39,36,127,0
4 40,39,36,127,0
5 41,97,70,127,0
4 42,36,127,0
5 43,70,127,0
8 44,53,36,127,0
6 45,64,127,0
8 46,123,74,81,127,0
6 47,5,0
6 48,24,107,127,0
6 49,1,16,0
7 50,19,1,16,0
3 51,64,127,0
7 52,117,122,108,74,81,127,0
5 53,36,127,0
6 54,15,1,16,0
6 55,97,70,127,0
7 56,22,16,0
5 57,81,127,0
5 58,108,74,81,127,0
5 59,103,5,0
5 60,16,0
5 61,16,0
6 62,61,16,0
4 63,113,127,0
2 64,127,0
8 65,114,41,97,70,127,0
8 66,2,33,10,64,127,0
7 67,132,81,127,0
6 68,84,72,130,0
7 69,16,0
3 70,127,0
6 71,5,0
4 72,130,0
5 73,123,74,81,127,0
3 74,81,127,0
7 75,148,92,127,0
5 76,132,81,127,0
4 77,107,127,0
6 78,53,36,127,0
5 79,16,0
6 80,92,127,0
2 81,127,0
7 82,4,92,127,0
7 83,149,74,81,127,0
5 84,72,130,0
5 85,138,113,127,0
6 86,123,74,81,127,0
7 87,43,70,127,0
6 88,131,108,74,81,127,0
6 89,134,130,0
6 90,25,16,0
9 91,130,0
4 92,127,0
5 93,64,127,0
6 94,16,0
6 95,19,1,16,0
6 96,127,0
4 97,70,127,0
8 98,4,92,127,0
4 99,107,127,0
7 100,5,0
4 101,70,127,0
7 102,130,0
4 103,5,0
5 104,0
5 105,103,5,0
6 106,123,74,81,127,0
3 107,127,0
4 108,74,81,127,0
6 109,43,70,127,0
6 110,5,0
7 111,130,0
6 112,40,39,36,127,0
3 113,127,0
6 114,41,97,70,127,0
5 115,72,130,0
7 116,9,13,42,36,127,0
6 117,122,108,74,81,127,0
8 118,28,130,0
5 119,30,36,127,0
6 120,21,5,0
7 121,29,99,107,127,0
5 122,108,74,81,127,0
4 123,74,81,127,0
7 124,40,39,36,127,0
4 125,70,127,0
5 126,81,127,0
1 127,0
5 128,138,113,127,0
7 129,115,72,130,0
2 130,0
5 131,108,74,81,127,0
4 132,81,127,0
7 133,74,81,127,0
4 134,130,0
6 135,31,125,70,127,0
7 136,0
6 137,76,132,81,127,0
4 138,113,127,0
5 139,63,113,127,0
6 140,76,132,81,127,0
4 141,127,0
6 142,51,64,127,0
8 143,4,92,127,0
6 144,31,125,70,127,0
6 145,115,72,130,0
9 146,81,127,0
6 147,127,0
5 148,92,127,0
5 149,74,81,127,0
-1
EOF
