NAME : ch130
TYPE : TOUR
DIMENSION : 130
SOLUCION  : 866
TOUR_SECTION
7 1,102,115,3,24,42,15,0
8 2,66,3,24,42,15,0
4 3,24,42,15,0
7 4,16,121,28,42,15,0
8 5,92,43,0
11 6,9,47,24,42,15,0
6 7,43,0
7 8,108,0
8 9,47,24,42,15,0
9 10,35,15,0
5 11,87,42,15,0
9 12,16,121,28,42,15,0
8 13,114,42,15,0
5 14,87,42,15,0
1 15,0
5 16,121,28,42,15,0
9 17,37,42,15,0
7 18,88,47,24,42,15,0
7 19,87,42,15,0
8 20,45,24,42,15,0
9 21,41,86,37,42,15,0
9 22,64,109,114,42,15,0
7 23,66,3,24,42,15,0
3 24,42,15,0
7 25,11,87,42,15,0
6 26,86,37,42,15,0
7 27,119,43,0
3 28,42,15,0
9 29,2,66,3,24,42,15,0
10 30,85,11,87,42,15,0
9 31,47,24,42,15,0
6 32,76,42,15,0
8 33,97,24,42,15,0
5 34,47,24,42,15,0
5 35,15,0
7 36,115,3,24,42,15,0
4 37,42,15,0
8 38,1,102,115,3,24,42,15,0
7 39,28,42,15,0
8 40,15,0
7 41,86,37,42,15,0
2 42,15,0
4 43,0
9 44,70,42,15,0
6 45,24,42,15,0
6 46,15,0
4 47,24,42,15,0
8 48,115,3,24,42,15,0
6 49,42,15,0
6 50,116,121,28,42,15,0
6 51,114,42,15,0
5 52,47,24,42,15,0
5 53,108,0
6 54,3,24,42,15,0
7 55,114,42,15,0
6 56,47,24,42,15,0
8 57,35,15,0
8 58,72,108,0
6 59,112,0
8 60,74,102,115,3,24,42,15,0
8 61,66,3,24,42,15,0
8 62,15,0
8 63,28,42,15,0
8 64,109,114,42,15,0
6 65,92,43,0
5 66,3,24,42,15,0
8 67,4,16,121,28,42,15,0
8 68,32,76,42,15,0
8 69,87,42,15,0
5 70,42,15,0
6 71,121,28,42,15,0
6 72,108,0
7 73,112,0
7 74,102,115,3,24,42,15,0
7 75,105,0
4 76,42,15,0
9 77,1,102,115,3,24,42,15,0
8 78,43,0
7 79,115,3,24,42,15,0
7 80,47,24,42,15,0
7 81,34,47,24,42,15,0
8 82,112,0
7 83,0
6 84,115,3,24,42,15,0
7 85,11,87,42,15,0
5 86,37,42,15,0
4 87,42,15,0
5 88,47,24,42,15,0
6 89,34,47,24,42,15,0
6 90,110,114,42,15,0
11 91,87,42,15,0
5 92,43,0
8 93,7,43,0
8 94,37,42,15,0
8 95,14,87,42,15,0
8 96,87,42,15,0
7 97,24,42,15,0
10 98,41,86,37,42,15,0
5 99,15,0
7 100,70,42,15,0
8 101,43,0
6 102,115,3,24,42,15,0
7 103,47,24,42,15,0
9 104,39,28,42,15,0
5 105,0
6 106,121,28,42,15,0
9 107,24,42,15,0
3 108,0
7 109,114,42,15,0
5 110,114,42,15,0
5 111,0
5 112,0
7 113,108,0
4 114,42,15,0
5 115,3,24,42,15,0
5 116,121,28,42,15,0
9 117,0
8 118,1,102,115,3,24,42,15,0
6 119,43,0
8 120,111,0
4 121,28,42,15,0
8 122,100,70,42,15,0
6 123,24,42,15,0
7 124,115,3,24,42,15,0
6 125,28,42,15,0
6 126,43,0
9 127,9,47,24,42,15,0
9 128,70,42,15,0
7 129,11,87,42,15,0
-1
EOF
